1229099264,22
27934074,232
30823680,232
34012160,232
37530624,232
41412864,170
62362880,170
93911040,150
160274688,150
273535232,51
1373039360,184
1910315520,168
11370925,51
57077504,223
65523712,186
90183168,130
177591296,130
349718016,214
418354176,214
500461056,59
8482390,223
9737472,168
14838016,59
64381696,171
96384256,230
107279616,27
1017169664,170
1531737600,228
1719845632,27
63697986,133
122606592,133
235994624,15
15732974,151
26672896,161
42411520,15
723823104,161
1150923520,161
1830039808,15
122002653,134
233079552,154
387456768,15
25830451,232
28502528,211
34581248,15
590186496,151
1000580864,151
1696348928,15
113089928,134
216052224,161
343536384,19
18080862,15
308579840,151
523155200,163
821642496,11
74694772,161
118769152,148
205438464,19
10812550,17
162824192,188
221718016,163
348219648,214
416561664,17
24503627,13
482532864,163
757842944,134
1447819264,11
131619933,161
209283840,148
362004480,17
21294381,13
419335424,154
697076992,154
1158777088,11
105343371,161
167502336,148
289733632,17
17043154,11
396640512,161
630682880,148
1090910720,11
99173701,163
155757312,211
188975616,17
11116212,13
218903808,163
343799808,134
656811520,11
59710138,163
93777664,148
162209792,19
8537357,13
168120064,157
274131968,195
359885824,13
27683524,157
45139968,201
57491456,19
774621696,13
59586284,157
97159680,195
127553024,13
9811771,157
15998720,201
20376320,17
306843392,13
23603337,157
38486784,201
49017856,13
965274624,157
1573950976,201
2004633856,17
117919638,13
9070741,142
16352768,146
28673280,13
564642816,157
920691456,201
1172621824,21
55839134,15
952987648,11
86635240,134
165511936,134
316201728,11
28745611,130
56606720,128
113213440,13
8708726,214
10417664,185
14415616,21
175732992,15
11715532,13
230705664,154
383510528,154
637523968,9
70835996,137
132365056,13
10181927,146
17853184,146
31304192,27
296809984,21
14133808,15
241216768,165
374251264,165
580656384,13
44665875,21
544498176,148
941834496,139
1734601472,145
11962768,21
145831680,19
1964889856,160
12280561,160
19648768,11
457280256,25
18291210,197
23769088,182
33433344,27
316997632,21
15095125,15
257623296,160
412197120,142
743115776,13
57162752,35
418104576,197
543323648,172
808667648,21
38507983,19
518844160,15
34589610,139
63704576,139
117326336,157
191309056,11
17391732,166
26820864,219
31352064,23
348962048,17
20527179,13
404227328,21
19248920,244
20195584,176
29375232,162
46419968,13
914116096,11
83101463,146
145712128,146
255495168,146
447991296,15
29866086,13
588132096,251
599847680,251
611796736,11
55617885,11
1294379776,211
1570432256,208
1932839680,244
2027897344,23
88169449,17
1327728128,13
102132932,13
2011233024,183
10990344,183
15374336,152
25893376,11
602609408,25
24104376,152
40596736,152
68373248,15
1166903296,13
89761792,251
91549696,251
93373184,9
10374798,15
177063168,229
197939456,211
240153856,162
379502336,15
25300155,13
498218240,9
55357582,222
63835648,176
92851712,7
13264530,9
377302016,140
689923584,175
1009259520,44
22937716,11
533822976,11
48529361,9
1380390656,139
9930868,156
16296704,251
16621312,155
27451904,15
468512256,13
36039404,9
1025120768,222
1182121216,222
1363166720,7
194738102,11
17703463,223
20323072,175
29729536,11
691887360,11
62898850,9
1789122816,139
12871387,156
21122048,251
21542656,153
1073709056,6
8826560,22
51354496,55
717095424,39
18387062,223
21107968,172
31416320,161
49953792,55
697536000,214
834435584,134
1594145536,51
93773265,203
118255872,228
132778496,131
778426368,51
15263262,145
26947328,145
47575808,39
312292352,245
326313472,245
340964096,199
438627072,71
1581528576,171
9248705,171
13845760,59
60076288,141
109074432,230
121404416,307
303708672,129
602708480,141
1094279168,141
1986776320,83
23937064,171
35835392,184
49857792,283
135302400,99
349872640,167
536331520,141
973764864,99
9836008,184
13684736,223
15709696,63
63836160,234
69837824,130
137526784,71
1487612928,25
59504517,234
65098752,150
111101696,23
1236610048,133
9297819,232
10259456,47
167643648,19
8823349,232
9735936,161
15480576,15
264201728,232
291532800,148
504272896,43
35181828,51
176598784,243
186046208,243
195999232,172
291738112,43
20353832,91
57259008,77
190367488,229
212812544,145
375724032,55
1748824576,141
12403011,223
14238208,51
214417408,119
461267456,83
1422704384,900
33196422,244
34828800,223
39982592,784
234998784,244
246555904,168
375704064,83
1158797824,900
20600848,223
23649280,245
24710912,784
201721600,141
366246144,184
509559808,47
32525096,99
84105216,77
279622400,900
1431664128,223
1643524608,223
1886736640,576
32755840,167
50212352,146
88043520,59
382019328,484
13418032,184
18668544,245
19506688,484
144445952,230
160774400,142
289846784,47
18500896,1764
102027264,1089
623587328,784
18294016,171
27387392,145
48352768,243
50939392,784
365927936,576
11435238,141
20761600,168
31636480,243
33328896,51
501903360,2116
9724954,1296
67226880,676
381880320,131
746269696,172
1110726912,676
36147914,248
37313792,142
67269888,900
478361600,576
15779272,248
16288256,197
21166336,324
234135552,142
422103296,214
504945920,47
32230600,1521
189862400,900
1404136448,576
51192456,248
52843776,142
95267584,400
1158449152,142
2088471552,132
15821754,676
95862784,676
834965504,248
861899776,200
1103231488,169
52223968,132
101282816,139
186535168,51
10972672,1764
57323520,1089
377309184,676
14511874,243
15288064,243
16105728,400
175228928,243
184603136,203
232800000,676
1939536896,484
80146140,214
95875584,137
179154176,289
9918560,203
12507904,256
12507904,63
152477184,144
8470952,121
125452544,121
1327100160,169
39263315,200
50256896,159
80916736,195
106228992,36
17704830,146
31043840,146
54433024,49
1990693376,25
398138675,250
407693824,250
417478400,25
66796544,146
117122560,135
222098944,121
12848696,121
163103232,121
1725388800,169
61256406,142
110434048,139
203389184,243
214269952,25
34283192,146
60112896,139
110711296,36
18451878,16
1180919808,139
8495825,139
15646976,16
1001406464,139
1844316928,139
13268467,63
161757952,1296
1118324480,676
39703824,400
406564864,256
25410304,179
36340992,179
51973632,121
989646336,172
1472961792,176
2142489856,289
111201885,169
1684477440,179
9410488,244
9873152,121
187997184,152
316626688,200
405282048,576
16183122,324
166223616,256
9739665,169
14753536,181
20866816,121
397331712,244
416872448,219
487302912,289
25292535,169
498065152,172
741306112,172
1103339264,121
91185060,152
153574656,176
223381248,43
15584768,256
249356288,121
20607950,64
494590464,64
54095832,231
59950336,175
87698688,25
14031788,207
17353216,175
25385216,64
710786048,36
118464336,207
146506496,207
181186560,25
28989848,207
35852032,175
52446208,121
1220564224,64
152570528,36
25428420,207
31447552,207
38891520,36
1382809600,175
2022852864,139
14552898,64
407481088,49
49895640,203
62922496,207
77817088,25
12450732,140
22766848,156
1073709056,6
225041920,22
1309334784,63
62349273,59
270532352,171
405007360,230
450790656,134
861211904,55
46975194,43
279666176,223
321051648,245
335465984,154
557657600,51
32803386,137
61296640,134
117103872,67
1342324224,203
1692783104,256
1692783104,119
14225068,51
71404032,244
74915584,245
78278912,137
146272768,307
365919744,109
859407616,222
991028480,244
1039767552,99
10502702,167
16099840,141
29230848,143
52329216,47
285027072,171
426706944,142
769274368,43
17890101,244
18769920,146
32911616,43
587816448,150
1003206656,150
1712139264,71
72343911,196
755918848,214
904276736,188
1231355392,144
68408632,234
74840064,228
84030720,47
1373097216,324
72045218,170
108491520,234
118691328,185
164242944,43
11458824,3025
47516672,1764
268929024,145
474798592,223
545060096,1296
11355417,145
20048128,141
36399360,43
650117120,2500
13002300,1296
53932032,145
95217920,145
168108800,1296
863369728,223
991132928,230
1103173888,55
60173124,4225
226049024,2116
1011874816,1521
21953877,145
38759936,244
40666112,784
305410560,171
457222656,184
636135680,1764
14424840,1089
101721600,244
106724096,171
159773952,900
636253184,145
1123315712,172
1671911680,51
98347792,3025
449432064,1521
9455488,1089
66677760,244
69956864,141
127013632,576
508052736,167
778811136,226
882192896,1521
19720272,900
151448832,171
226730240,230
252360448,576
1345920000,244
1412112640,231
1564938496,47
99889724,2116
555897856,1089
15824446,676
137826304,230
153406464,145
270841600,576
1444488192,171
8447299,186
11626240,1089
87457792,676
563040000,171
842913536,245
880758528,576
27523692,141
49971968,245
52215552,51
786309120,2500
11322828,1764
60791296,1089
300104448,199
386063872,138
716176384,784
14615840,195
19187968,132
37212928,784
279473920,576
1738946048,210
2119857920,214
9905878,289
122845184,197
159636224,214
190966528,51
11233360,1764
57057280,1296
383193600,676
11903934,210
14511360,142
26161152,576
279048192,138
517654528,138
960286464,676
32672466,400
209103360,210
254906880,142
459550208,289
19081668,142
34400512,254
34671360,55
484137984,784
16055572,400
195231232,256
11439330,234
12514816,256
12514816,196
212496128,256
212496128,133
409015040,324
22723056,169
447466240,130
881164288,130
1735215616,169
82140384,203
103585792,228
116306688,16
1860907008,25
74436280,49
777782784,256
777782784,128
1555565568,67
69652188,144
1114433280,121
64471344,121
682010880,144
28417116,132
55111936,139
101500928,195
133252352,36
22208724,146
38941184,146
68280320,49
9754325,25
499421440,201
636078848,201
810130176,25
162026035,201
206361344,201
262828288,121
17377072,121
220588032,121
9115205,144
81024000,142
146071296,159
235183872,195
308754176,25
61750835,250
63232768,250
64750336,49
9250045,25
473601280,250
484967680,250
496606720,25
99321340,250
101704960,250
104145664,63
1269597184,1521
30049632,784
255111168,484
11595958,256
173936640,179
248758528,181
351835136,256
19240984,169
29145856,172
43379712,324
548405248,196
33575820,169
50860288,172
75698944,144
1211182848,181
1713053952,176
9733261,676
88461312,324
1188217856,196
72748032,179
104041728,152
175228160,169
12442236,172
18518528,152
31188992,289
442040320,144
33766964,172
50257664,152
84644352,121
1432657920,181
2026300672,200
10131503,43
180953088,256
11309568,121
263203072,64
28787836,49
902409216,203
1138013440,207
1407398144,36
195471960,140
357434368,167
547923200,64
51367800,64
1438296832,231
1593956608,175
9108323,25
373075968,207
461388544,175
674945280,121
55780600,81
1234059008,64
154257376,223
177084672,223
203289856,36
28234700,140
51629056,167
79143936,64
8656368,36
246224896,231
272872448,167
418295296,25
66927244,140
122381056,175
1073709056,6
977524480,22
22216465,55
310222080,1521
1879686144,223
8429085,167
12921088,148
22349824,55
312084480,676
2009157376,244
2107968256,168
12547430,211
15223296,51
229244928,576
2139615744,184
11628346,223
13349120,211
16195840,111
37352448,576
232415232,244
243845376,172
362932480,170
546533376,199
2109233664,1764
26305620,171
39381504,184
54791424,900
280530432,167
430034432,168
655290368,399
1261310208,7056
9831635,184
13678592,141
24834816,3600
104187392,171
155976192,171
233508096,143
1254084864,676
44523720,141
80837376,184
112469248,576
1199671296,145
2118040320,145
14607174,43
260890368,232
287878912,228
323232256,87
951120128,256
33437817,214
40000256,150
68267008,169
930691584,203
1173679872,150
2003080192,47
127856181,169
2130430720,256
2130430720,232
9182891,36
130600960,232
144111360,128
288222720,43
20108600,3025
90186496,1764
523530240,223
601003264,167
921298176,1521
12720078,229
14219776,145
25105152,43
448397312,2116
1627445760,2116
23842534,141
43288320,171
64805888,676
539917312,141
980275200,145
1730692608,55
94401432,4225
320309248,2500
1475976960,1521
29111970,145
51397632,171
76945920,1089
434116608,167
665472000,184
925873920,1521
20087991,1089
151109632,244
158541056,171
237347840,676
2067312128,230
8988313,145
15868928,51
238972928,2500
1174597632,1521
25484349,900
181216000,244
190128128,230
211620864,576
2069179904,184
11245542,145
19854080,1296
105884928,900
481890304,223
553201408,168
842973440,400
29504062,184
41049088,142
74003968,47
1209262080,2116
26288264,1089
129771264,900
1033553920,171
1547308544,141
10973819,243
11560704,1089
86958080,576
463773696,244
486582016,231
539242240,484
14483768,141
26296576,142
47407872,51
713908224,2116
14507555,1296
80238592,900
616225536,169
933453824,248
963565056,484
39816720,200
50965248,197
66228736,1089
420360192,676
15545850,248
16047104,248
16564736,400
137815808,248
142261248,254
143381248,47
9152032,1764
47812608,1089
325950720,676
10125675,210
12343552,142
22253056,484
200091904,138
371184896,172
552461056,676
17979500,484
199702272,142
360026624,142
649089536,289
26951808,197
35023616,142
63141120,55
881679360,784
28114775,400
305884672,289
13759512,137
25711104,133
49488896,169
899582976,133
1731527936,130
13319445,289
200574976,144
11143048,234
12190464,228
13687296,144
267660800,133
515196672,232
568492800,16
35530800,16
568492800,36
31582932,133
60791040,128
121582080,63
1482143232,144
92633949,121
1371899648,121
68028078,121
719635200,172
1071084800,170
1612927488,243
1699215616,36
236002165,195
309828352,250
317264128,49
38848668,36
1381285120,243
1455180800,250
1490105088,25
238416812,201
303655168,135
575820032,121
33311901,121
352389120,169
12510852,196
98042880,138
181876480,230
202436352,157
330087168,25
52813944,201
67265280,135
127554816,36
17715945,25
907055360,250
928824576,250
951116288,239
1018768896,63
48512856,1521
302109440,784
10018918,400
121828608,256
1949257728,179
10889707,179
15574016,196
244098048,179
349101056,152
587959552,324
27220335,256
272202240,169
412329984,244
432608256,121
21451644,169
32494592,227
36645632,676
305305088,400
14501978,256
217528320,179
311101952,181
440011520,196
31429384,181
44452608,172
66161920,256
860104960,169
61072536,172
90898432,152
153092096,100
9185520,172
13671424,211
16587008,43
296255488,256
16201472,169
294500352,100
23560024,64
659680000,229
737458688,203
929997056,36
129166255,175
188951552,139
347996928,81
34370064,49
1077394944,223
1236829952,140
8834499,36
251291648,223
288478208,175
422002176,121
38363831,64
920730624,49
112742520,203
142177536,207
175833088,25
28133292,139
51813632,156
85027328,64
2040655872,49
291522266,175
426455296,175
623843072,25
99814888,139
183831552,156
1073709056,6
372742400,22
8471418,55
118302208,16641
216568576,171
324219392,171
485380864,55
26475318,784
216121600,141
392390912,184
545935104,134
1042980352,51
61351785,234
67119872,188
91397120,131
535823616,676
16645398,141
30221312,223
34693376,400
310851072,184
432488448,142
779697408,239
9786996,2116
46176000,184
64244736,167
98482944,1764
357305600,229
399433216,230
444586496,307
370729984,2500
1670349824,141
11846452,184
16481792,2116
85741312,184
119292160,145
210612224,103
1570389504,243
1654402048,243
1742908928,43
40532765,232
44725760,134
85446144,79
830665728,31
26795668,256
26795520,256
26795520,23
298245632,130
587314432,150
1002349824,47
63979776,21
779943936,232
860627712,150
1468804608,13
112984969,161
179652864,134
343217408,43
23945408,3025
58760960,3600
250705920,141
455182336,141
826430208,676
14670348,167
22488576,231
24922368,43
445134848,2116
8414640,1521
53815296,167
82495232,167
126459648,900
575528960,223
660696832,168
1006776064,55
54915076,4225
169688832,2500
851424000,1521
12315138,229
13766912,145
24305664,1296
148831744,223
170855936,244
179258624,1296
1239311360,784
20549802,167
31501312,142
56791040,676
344104960,244
361028096,245
377237504,51
22190480,2500
90890240,1764
527616000,1089
13565860,244
14232832,141
25841152,900
154355712,244
161946880,145
285920000,900
1789218816,784
57054150,141
103587584,184
144121856,243
151832064,47
9691428,2116
52761600,1089
223252992,1089
944672256,145
1667835136,223
1914644736,214
8946938,1089
56782080,676
279542016,167
428519424,142
772541952,243
813871104,51
47874816,2500
205890048,1521
1316820992,784
41990450,210
51188224,248
52839424,784
379579904,169
574984704,200
735980288,900
23714895,484
263407872,200
337161984,142
607841280,400
21274442,248
21960704,214
26270720,47
429280256,1764
9247528,1089
63037184,676
477440000,210
582021888,142
1049278720,400
44594332,138
82725632,132
160437504,784
1362077184,400
44267496,248
45695232,214
54663424,324
561480192,200
718694400,254
724353280,55
39510212,1764
223621632,1089
1682186240,576
49647854,484
367639552,230
409198592,142
737710080,170
1110904576,484
39019369,243
41106688,170
61901824,784
545743872,484
23678949,214
28326144,137
52930560,400
542007296,243
571003392,203
720082944,63
34289664,121
580372480,121
33575262,121
497245952,100
19889836,172
29603328,148
51205632,142
92314368,36
10257152,142
18491648,135
35065600,49
1282398208,25
205183712,146
359773952,135
682237952,25
136447590,250
139722240,250
143075328,121
2118932480,121
105071028,144
1120756224,169
33158465,200
42442752,159
68335360,142
123195904,36
13688432,142
24677632,135
46796032,36
1996629504,25
399325900,139
735449088,139
1354496000,25
216719360,201
276020480,135
523416576,63
24924636,1296
147694080,900
1176297472,484
48607320,289
602796544,169
913111808,181
1291472896,196
92248058,181
130472192,181
184535040,400
2125840896,256
132865056,179
190019072,179
271759104,169
19296504,172
28720128,152
48370688,576
472952832,289
24547710,169
483398656,172
719476992,172
1070849280,121
88499940,152
149052416,149
256089856,256
14004914,144
224077824,181
316927744,176
460985600,100
32268992,152
54347776,227
61290752,43
1094684672,256
59865568,169
1088206848,100
108820680,49
13324980,223
15296768,140
27971072,49
1022941696,203
1290014976,203
1626816768,81
160673256,49
19674276,223
22585600,140
41299200,36
1468416000,175
8390948,139
15453696,121
294257664,81
32695290,49
1024896000,203
1292479488,207
1598428672,49
195725958,203
246826752,207
305254144,49
37378056,25
1913756160,139
13768029,139
25356800,16
1622835200,175
9273344,223
1073709056,6
1431520000,22
32534545,55
454300416,55
2114561792,230
9193746,184
12791296,134
24436992,55
341228544,214
408198400,134
779841536,51
45873030,214
54875904,161
87256064,111
201239040,243
212004864,243
223346688,155
368882176,71
1330053888,167
2038884864,141
14460176,243
15233536,239
16316928,91
45902336,145
81041152,167
124230656,59
539034624,223
618801920,245
646584832,143
1157522432,51
22696518,244
23812608,142
42929664,39
281794560,168
429401088,172
639108352,47
13598050,130
26777600,150
45700352,71
164778496,289
1605590272,214
1920706048,232
2119399680,121
192672689,150
328827904,150
561199616,47
35821251,169
651141120,256
651141120,130
1282246912,36
142471876,161
226539008,176
329511168,43
22989168,3025
106993920,1521
576258048,145
1017393408,244
1067429120,1521
9825116,171
14708736,245
15368960,43
274503680,2116
996303360,2116
17891996,184
24893184,167
38159360,676
289013760,141
524733952,168
799594496,55
43614284,4225
124194304,3025
430913280,2116
8960380,184
12466432,145
22009600,900
143991040,167
220728576,184
307100416,1296
1637867520,900
38216892,244
40096256,145
70790400,400
543670272,230
605128448,186
832864768,51
48992080,2500
175580160,2116
934652928,1296
23799006,167
36482304,171
54616576,1089
346650624,244
363698944,230
404812544,784
11875866,576
73891328,171
110620928,142
199429120,243
210097920,47
13410528,2116
63268608,1296
299937792,1089
1621696512,223
1861678336,184
10117817,243
10659072,784
59165440,784
444343808,171
665216256,145
1174450688,137
8572632,51
129103872,2116
593534464,1521
14828588,784
91997696,131
179781632,142
324113152,784
2116654080,169
12524580,142
22579456,900
141295616,676
963150336,169
1458973184,197
1895924480,289
85283796,197
110825472,254
111697920,47
1825197056,1764
39318296,900
313141248,576
2087608320,169
12352711,172
18385408,484
194488320,200
248944896,197
323501824,784
9077838,576
80691200,248
83293952,197
108239616,256
1623594240,172
9439501,214
11291904,51
170042112,676
1545467904,400
61818704,256
927279360,203
1169376768,256
1169376768,121
106306970,232
117304064,232
129438720,289
1834532864,169
97697016,234
106882048,228
120007680,121
2031204352,256
2031204352,228
8908791,16
142540544,25
1459614976,49
59576120,234
65177088,128
130354176,63
1589078784,144
99317421,121
1470882560,121
72936324,121
771557120,172
1148364032,170
1729300992,243
1821814784,36
253029830,195
332182528,250
340154880,49
48593552,25
9718710,201
12377856,201
15764736,25
807153920,201
1028016896,201
1309314816,121
75745481,121
961528320,121
39732575,169
421304576,197
547481856,182
770084352,243
811282176,25
129805148,195
170410752,139
313849856,36
52308306,25
10461660,139
19267328,139
35484928,25
1816828160,139
13070706,139
24072448,63
293459968,1296
1912922880,784
65878704,400
801081344,196
53132937,179
75988992,181
107475968,196
1965272064,172
11426000,172
17006080,324
214986752,196
13162452,169
19938304,172
29675520,144
580321280,172
863733760,152
1454709248,576
47985184,400
583495168,256
34189170,179
48896000,181
69156608,196
812941056,169
1231437312,176
1791181312,196
127941520,121
11631037,149
19983360,149
34333696,121
726397440,244
762121728,176
1108540672,43
77340072,256
1160098560,144
88618640,81
8752456,49
274361856,231
304054528,140
555985408,36
92664234,140
169443072,140
309838592,64
29047368,49
1062302976,203
1339652864,203
1689414400,25
337882880,167
517952000,167
793986048,121
65618680,64
1574846976,64
172248888,223
197738496,175
289263104,25
57852620,139
106548480,139
196232960,49
24028524,36
1025217024,207
1267901184,207
1568032256,25
250885160,207
310273280,223
1073709056,6
1049122560,22
23843695,55
332944128,77
1106930944,145
1954305536,171
11428687,148
19768320,51
297687552,51
1494274560,145
10305341,146
18069504,134
34520832,51
519843072,170
782822400,134
1495541248,111
13473344,243
14193920,214
16979456,199
21842688,71
78756608,167
120728576,230
134375936,59
583054848,244
611729664,184
851101952,239
10683288,83
32950784,223
37826816,167
57985792,71
209075456,145
369126144,230
410853376,103
11966601,39
78549760,230
87429120,146
153300224,243
161501440,43
11267541,232
12432896,228
13959680,71
151000320,196
1380572928,214
1651526400,134
12324823,169
168023808,234
183820800,188
250309120,47
15977175,121
371830272,232
410295296,232
452739584,49
27718749,232
30586112,176
44488704,43
794589184,3025
13921722,1521
74981376,145
132380672,244
138891008,1521
701299200,145
1238155776,171
1853613312,43
129321872,2116
704056320,1296
16840843,167
25815808,171
38648064,1089
172618496,145
304760832,223
349859840,55
19083264,4225
73990144,2116
286441472,1521
1012429824,141
1838170368,184
9990056,576
84356352,141
153157632,168
233382912,1764
982217472,1521
23893490,223
27429120,167
42046976,576
298999808,141
542864896,245
567238400,51
33366992,2500
140079616,1764
650526720,1296
17568215,167
26930688,244
28254976,676
203300608,141
369113088,245
385685504,1089
10270756,676
101124608,184
140695040,184
195749376,400
9787460,223
11235584,223
12898048,47
210765824,2116
1147449600,1089
30556488,676
173571840,244
182108160,172
271044608,484
1720347648,141
12201047,186
16792832,1089
78950400,900
494050304,167
757346560,145
1337108224,214
1599531264,51
94090080,2500
385392640,1521
1686503936,1296
44244676,195
58085120,131
113509632,484
1140724736,138
2116126976,132
16031264,784
83755008,900
428825088,195
562970368,197
731575552,196
52255392,254
52666624,254
53081088,47
867377152,1764
14751300,1296
75758592,1089
338373888,199
435294976,142
784756992,400
37275948,142
67201536,197
87327744,576
504558080,576
17519360,248
18084352,142
32602624,121
551819264,254
556164096,230
619034624,55
33765522,784
242558976,484
10524234,289
139837440,203
176346624,256
176346624,256
9643956,234
10550528,133
20307712,256
324923392,121
21482536,133
41349632,134
78996224,121
1169926912,256
1169926912,151
1983452160,16
123965760,16
1983452160,36
110191786,133
212098304,128
424196608,71
1529497600,169
72402248,169
658045440,256
10281960,676
27256320,247
28249344,205
35277056,195
46312192,36
1317323776,157
8390597,139
15453184,49
484409856,36
80734974,146
141562624,146
248219392,25
39715100,201
50582272,135
95918848,121
2029355520,81
175376397,64
13701280,64
328829952,182
462529792,170
696515328,201
887104000,36
123208885,195
161751040,250
165633024,64
15528096,49
567883008,243
598263552,243
630269184,25
100843068,201
128436736,135
243554048,63
11597828,1296
77883392,784
534057216,576
20398004,324
273984512,169
415029760,169
628684032,256
36836955,169
55800320,181
78921984,256
1183829760,144
65768320,179
94059520,219
109950720,121
1860982784,172
10819667,219
12647424,676
110158592,400
1057520640,289
47570120,169
72058880,172
107250176,121
8863650,152
14928128,149
25648128,289
340788480,144
18932688,169
28678912,200
36708864,121
854315264,149
1467816704,149
9851118,43
175953408,256
10309770,144
201611520,100
20161150,49
526658560,231
583656192,139
1074935040,49
131624694,223
151102720,207
186870784,64
23358848,36
996642816,140
1822432512,207
8804021,36
375638016,207
464557056,207
574524416,121
47481350,81
1350579456,36
225096576,140
411604992,140
752648960,36
125441490,140
229378560,140
419435008,64
45875704,36
1631136000,175
9320777,139
17166080,25
878903040,167
1347300352,167
1073709056,6
1794504960,22
40784204,55
569495040,784
11622336,167
17816064,245
18615808,134
35564288,55
496606464,243
523173888,161
831878912,67
37248309,170
56091392,256
56091392,131
328840704,47
1791132160,145
12352635,168
18822912,47
102524672,141
186144000,172
277051392,239
296757760,91
834834944,145
1473915392,167
8825840,71
31822592,167
48781824,184
67870208,183
284832000,99
736535040,141
1337254912,244
1403021312,47
29851517,223
34268928,168
52219136,103
389361408,47
2120776960,230
9220769,172
13723904,214
16417280,43
97740032,150
166809600,134
318680832,71
13465386,196
158284800,170
238358272,188
324572928,169
13443843,170
20244736,151
34322176,47
560838912,121
37080256,133
71372288,228
80137216,49
9812718,161
15602688,134
29807872,43
532385792,3025
2027462400,2116
31619214,141
57407744,244
60230912,1089
254859264,145
449958400,223
516544000,43
36037960,2116
187477248,1296
592519168,141
1075779328,168
1639282688,1089
45159300,244
47380224,171
70931712,55
990471168,4225
10314964,3025
34035456,2500
167288832,229
187012608,184
260191232,900
1258167552,223
1444353536,168
8597342,1089
42438144,900
168996352,145
298365952,245
311761920,243
328440320,51
19320032,2500
94961664,1521
591365376,784
15840132,244
16619008,145
29340928,676
133334016,167
204392192,142
368481536,1296
1674087936,1089
49192640,244
51611904,244
54150144,243
57047040,47
932182016,2116
16740482,1296
95895808,900
709196800,244
744075264,230
828187904,484
22244716,141
40387328,142
72810752,784
570593280,484
25936042,145
45790464,145
80843776,243
85168640,51
1282543616,2500
21546714,1521
137806848,784
899962880,131
1758705920,142
12385252,784
109188864,248
112710912,248
116346624,900
926636032,484
40205277,138
74583552,142
134460416,400
1635038464,142
11514355,197
14962688,47
244497408,1764
1454777088,900
29095524,900
99311616,137
185574912,214
221996032,256
9538892,132
18499584,148
31999232,900
236647424,576
1156942336,131
8831620,142
15921664,324
201277440,197
261558272,172
389295872,55
21234318,1521
135802880,784
1197275904,400
32925079,400
400365568,223
459612416,168
700361728,130
1379173632,324
63850620,214
76381952,234
83563008,676
791123200,324
41509546,137
77565184,203
97816064,324
1236586496,137
9026178,234
9874688,256
9874688,67
113190144,144
1811040768,121
104770953,121
1329984000,121
65949618,214
78892800,159
127022336,243
133817600,36
18585775,195
24399616,250
24985088,49
652670720,49
79918860,142
144078848,146
252631296,16
63157824,135
119765760,135
227111168,121
13138657,121
166783488,121
1411456000,256
33081000,248
34148096,230
38008064,146
66644224,25
10663072,195
13998592,139
25781504,36
916674560,25
146667928,146
257170944,135
487672064,239
522359808,63
24874308,1521
163268352,784
1439424000,400
68372640,196
982333440,169
1488031488,152
9789680,169
177951744,181
251688448,152
423896320,324
19624815,196
307587072,169
465930496,172
693477888,121
57312220,152
96525824,149
165842944,784
1407970304,400
59838725,256
897580800,169
1359648768,181
1923038976,144
160253244,152
269900032,152
454568448,324
23850813,169
325161216,169
492551680,149
846263040,144
52891434,181
74807552,176
108810752,43
1943416832,256
113872080,144
9489336,81
269918208,49
33051204,203
41680128,207
51546368,49
1885123072,140
13465164,140
24621824,81
544719616,64
68089952,223
78166016,203
98573824,25
19714760,139
36308992,139
66871040,121
1414791680,81
139732504,49
19961781,175
29201152,175
42716928,36
1518823680,140
10848740,167
16630272,64
532168704,36
73912320,140
135153920,167
207181824,36
34530300,139
63595264,139
1073709056,6
687400960,22
15622749,55
218149632,576
1939107840,230
8430903,168
12846848,163
20176640,55
281739264,170
424265984,188
577723648,67
25868223,214
30945024,130
60937728,131
357252864,784
10480617,171
15690240,145
27701248,400
177287680,141
321883904,226
364611840,307
304040960,3025
746178816,167
1143842816,244
1200097280,2500
13441064,244
14102016,171
21111552,143
113382144,71
408814336,145
721768704,223
828577280,243
872904448,95
27565401,47
150143232,223
172361728,168
262646272,234
287339264,43
1710670848,133
12862186,161
20451584,71
73740800,256
737408000,214
882132736,232
973387776,121
80445270,232
88766976,188
120873984,47
1975131648,121
146910618,130
289300736,188
393975040,49
32161224,228
36110848,148
62461952,43
1115604992,3025
15120595,2500
43352064,244
45484032,171
68092928,1089
528228096,171
790797568,171
1183884032,43
82596592,2500
405970944,1296
1283067904,229
1434346496,168
8537776,1089
42147840,223
48384768,145
85424128,55
1192844288,4225
15528150,2500
63600640,1764
295354368,184
410927616,244
431137024,900
13892189,171
20797440,141
37759744,1521
247852800,784
1537695232,244
1613319424,223
1852061696,784
42521814,244
44612864,168
67981312,51
1023729664,3025
15567458,1764
58739200,1764
238680064,229
266821376,141
484441600,484
9008208,244
9451008,226
10705408,1089
72977920,676
718548480,230
799775488,184
1112730880,484
41382540,184
57575680,245
60160512,47
983058432,2116
17654154,1296
73231872,1296
260379648,229
291079424,223
334153728,243
352030208,784
8531342,676
41999360,244
44064768,142
79440640,214
95031552,51
1431072768,2500
25186876,1521
161085952,784
1367581696,210
1667147008,248
1720925696,676
58552204,210
71377920,138
132411136,900
941587200,676
34822000,248
35945216,138
66680832,400
853514240,197
1109135104,197
1441312512,47
91998700,1764
387183872,1521
1042669568,2116
9855080,168
15017216,138
27857920,256
334295040,132
648329728,207
801798912,576
29232252,324
230970880,248
238421504,207
294859264,196
18052608,172
26868992,142
48439808,55
676395264,1521
12451712,1089
87813120,676
399055872,784
10688979,244
11214592,145
19799552,256
19799552,484
198976512,243
209621248,137
391700992,484
17804578,256
249263616,234
272698624,133
524893440,256
18453285,214
22074880,188
30059264,256
30059264,67
114853120,144
1633466368,121
67498610,196
440806400,324
10884104,210
13268224,205
16569088,243
17455360,25
714971136,146
1253647872,135
9286280,49
291095040,36
48515838,201
61791232,201
78699264,25
12591880,250
12893952,219
15072256,121
286995456,100
20089678,64
321434624,100
12857384,172
19136512,148
33100800,201
42158080,25
1726794752,195
8855357,139
16308992,49
511236096,36
85206012,146
149402112,146
261965312,25
41914448,201
53383424,135
101230592,63
1234061312,1521
28397180,784
250352640,484
10345140,256
113794560,169
172375040,152
290315776,196
19255626,181
27234304,172
40534528,400
518840320,196
34412872,181
48672256,172
72442368,196
1324657152,181
1873548032,181
10351094,676
86237184,400
883064832,289
42778218,169
64800000,181
91650816,144
1955217408,152
12863272,152
21664256,256
346628096,121
17188170,179
24581888,227
27722240,121
469215232,172
698366720,219
816355584,43
56955064,289
857674752,121
77970431,64
8528009,49
222772480,231
246882048,139
454689024,36
75781500,207
93720064,207
115904768,64
12677084,49
331156480,231
366995712,139
675905536,36
112650918,207
139316992,207
172295168,121
15663197,64
438568704,49
53702286,223
61649152,207
76242176,36
10589190,140
19363072,167
29682176,64
949829632,36
105536624,231
116958208,167
179289088,36
29881512,140
54640384,139
1073709056,6
11005485,22
64031872,55
894117120,1521
18223288,145
32173312,244
33755392,148
58387456,55
815301120,214
975313408,134
1863285248,67
83430681,137
155899648,133
300077312,111
2076210432,484
42896900,244
45006336,146
78915072,243
83136768,239
267150336,2116
1163538432,229
1300723968,167
1993924096,1521
34084154,184
47421184,230
52781824,219
61699072,1521
321915904,145
568347904,171
850859776,1296
17726229,223
20349184,141
36945920,183
155051520,1296
980074496,167
1502389504,171
8785903,784
71718400,171
107367680,184
149381120,47
813650176,234
890147072,151
1509123328,71
21255258,196
222095360,137
415010304,228
465976320,121
26957301,234
29491712,134
56342272,47
920656128,121
83696008,232
92354048,232
101907712,49
10398745,151
17629440,211
21389056,43
382027776,3025
1325539840,2116
20672388,141
37532672,244
39378432,900
268818432,244
282038784,184
392401664,43
27376864,2116
76178944,2500
343225344,229
383692800,145
677416192,400
25403100,184
35343360,172
52603904,55
734550016,3600
10202050,2500
47001600,1296
176397824,229
197195776,145
348152320,1089
9590970,244
10062592,141
18269440,1296
90214400,1089
445353216,223
511257344,145
902633472,400
36105328,184
50233344,245
52488704,47
857698304,2500
10292370,2500
30557184,2500
156441600,184
217657856,184
302828288,576
1615082496,244
1694512640,231
1877901312,676
52781240,484
558346240,145
985769728,223
1131645952,137
2114608384,47
134975036,1764
705171456,1296
18499842,676
112091136,244
117603584,245
122883584,576
1256140032,184
1747673088,145
12052917,784
82645248,576
404042496,244
423913216,186
583450368,214
697959168,51
41056464,2116
178808832,1521
1023242240,900
30697245,169
46499840,248
47999744,676
399900160,248
412800000,142
744202752,784
18984760,576
151875072,210
185142784,197
240591616,256
15036976,214
17988096,214
21518336,47
351629312,1521
2071390720,900
59840170,576
531911680,248
549070080,142
989872640,400
22272129,210
27150592,148
46962944,676
355691520,484
2069475584,169
12245417,254
12341760,256
185126400,172
275536896,214
329614080,51
19389063,676
190907392,324
8838300,196
126981888,203
160134656,130
315342080,121
26061320,130
51320576,150
87587072,324
1107271680,196
73441485,256
73441280,133
141360640,121
9346152,256
9346048,228
10493696,16
167899136,25
1719287040,49
70174980,256
70174976,128
140349952,67
536262400,169
25385200,169
230719488,256
1615036416,324
39877440,248
41163776,205
51404288,166
79273984,36
11010275,195
14454272,250
14801152,49
541298688,25
108259735,250
110857728,250
113518080,25
22703615,250
23248384,250
23806208,144
423219200,100
25393152,100
325031680,121
13431060,172
19990272,170
30102784,146
52782848,25
8445252,146
14808064,135
28080384,64
898572288,36
149762046,201
190741504,201
242934272,36
40489044,201
51568128,201
65678592,63
800658432,1296
21004928,784
178327552,400
8916360,196
151394048,181
214126336,172
318699520,196
16260170,169
24630784,244
25841920,324
306274560,196
18751500,179
26817536,172
39914240,121
760018176,172
1131189760,176
1645366784,576
65700397,324
934405632,169
66348324,172
98750976,152
166317312,169
10825386,181
15310848,244
16063744,289
199209472,196
12196488,179
17442816,152
29377280,121
497227776,152
837436160,229
936173056,43
65314398,256
914400256,144
69850011,100
1609344000,64
176022000,231
195072000,175
285362432,49
40766061,140
74543616,140
136308224,64
14908712,49
545232128,175
797596672,175
1166769920,36
162051375,140
296322304,167
454242560,121
41294770,64
1321431040,25
211428964,140
386612736,167
592651776,25
118530355,139
218300416,139
402049536,64
37692144,49
1181532672,203
1490011392,207
1842719232,25
294835076,139
543005440,156
1073709056,6
68531590,22
398729216,55
21748866,47
118461696,145
209146112,168
318698752,163
500532992,55
27301797,170
41113088,188
55983616,67
641722368,214
767667712,130
1511714816,111
13619052,43
81080832,230
90246400,142
162697728,137
304018944,199
1173298944,71
16525337,167
25332224,141
45993216,65
181142272,167
277679104,145
490247168,219
573074176,77
1905285376,223
8543880,171
12790784,71
46118656,244
48386560,171
72438272,131
424675584,51
2131704832,229
9308754,170
14017792,43
83454720,141
151520512,142
273163520,47
1487869184,133
11186986,228
12560640,71
45288960,31
373999104,234
409161216,133
787558400,21
37502780,133
72185600,151
122380800,47
1999753728,25
79990149,256
79990016,232
88264704,11
2054160384,134
15329555,211
18598656,43
332179968,51
1667412992,243
1756615936,243
1850591232,172
10759251,43
192166656,2116
906706944,1296
15391618,184
21414400,184
29793792,784
194570240,244
204139264,223
234348032,55
12782636,3600
29990400,3600
61841920,4225
127400448,184
177252608,223
203482624,676
1541166080,171
9012667,223
10346240,784
74319872,576
561525504,141
1019507200,245
1065280768,243
1122270976,47
71634356,2500
293406720,1764
1490316800,1089
12316662,171
18438912,186
25378048,676
163378432,244
171413248,245
179109120,900
1426503680,576
52007928,184
72358656,223
83066368,400
903758080,145
1595600384,245
1667239424,47
106419548,1764
617758720,1089
14749046,784
57790464,223
66342400,231
73522176,243
77455360,900
638916864,484
18481064,141
33554176,142
60492032,484
607917312,145
1073288448,245
1121476864,51
65969248,2116
343185408,1296
8473696,784
55336960,169
83823872,142
151118848,484
1598612480,138
11584148,142
20883968,900
160386048,576
1639501824,138
11880448,138
22039040,400
211572480,138
392482048,172
584159232,47
37286796,1521
219645440,900
1624396800,576
56402660,248
58222080,142
104963584,400
1343528960,197
1745905408,197
8862464,676
83904000,400
966574080,142
1742555904,132
13201181,324
166887424,197
216868864,172
322781440,51
18987141,676
165376256,400
1905131520,256
111628800,234
122123776,133
235065088,169
15300087,256
15299840,232
16882432,289
179453952,196
11902553,234
13021440,133
25063680,81
554494976,232
611856384,161
972889600,16
60805600,25
622649344,49
25414258,256
25414144,128
50828288,67
582628608,169
34475060,121
583510016,121
28934376,121
244866048,132
474891520,167
727977216,243
766922496,49
78257395,165
121417472,250
124331264,64
15541408,36
663098880,146
1162693888,146
2038695936,36
283152210,195
371727872,250
380649216,144
21147176,121
268446720,144
11185278,169
84716800,200
108437504,159
174590976,142
314755328,36
43716015,195
57391104,250
58768384,49
8395478,25
343878656,201
437974784,135
830529792,25
166105955,250
170092288,250
174174464,63
2123270144,1296
58979700,676
558387200,324
27574672,196
360158720,169
545565696,244
572396544,144
39749760,172
59162368,149
101647872,289
1530694144,144
127557840,152
214834176,152
361825792,144
27639469,172
41137664,244
43160576,676
408620800,324
22701150,169
412649472,172
614175744,152
1034401024,169
61207160,179
87536384,244
91841280,289
1057601792,196
59355197,169
89910784,152
151428608,121
10011808,152
16861952,229
18849792,43
336668672,256
19726680,121
417356800,81
41220424,49
1292133888,223
1483346432,140
10595331,36
452066304,140
826635520,207
1022312448,64
95841792,49
9779770,229
10932736,139
20134912,25
1030906880,167
1580312320,167
9462948,121
220228096,64
27528512,36
978790400,140
1789788160,167
10717294,36
457270272,207
565512960,207
699378176,64
76494488,36
8499384,231
9419008,167
14438656,25
739258880,139
1361512704,175
1073709056,6
85633280,22
498229888,55
27176175,400
104355840,244
109487872,176
159255040,161
253225216,55
13812282,243
14551040,161
23137024,51
348416256,133
670635776,130
1320636416,111
35692875,243
37602304,243
39613696,239
127293696,8464
46199808,16641
22740992,256
22740992,104
55977728,223
64261376,484
373883136,171
559731456,186
770382848,399
494280704,5041
1355470848,222
1563065344,141
11085569,3600
45716992,171
68441600,171
102462208,143
550285824,676
19536768,230
21745152,145
38391296,576
409503744,145
722985728,145
1276443648,63
60783030,234
66497536,234
72749312,87
214066688,256
1712533504,243
1804150272,228
2025712384,196
82682136,137
154500864,228
173474560,47
11072844,121
210841344,130
415195136,228
466183936,49
38055828,228
42729216,148
73909760,43
1320069120,3025
16146282,2116
80084480,229
89526528,145
158060544,784
1135450624,171
1699855872,145
11723143,43
209383168,2116
987936768,1296
20581992,145
36337664,141
65974528,784
517023744,171
774023680,184
1076902400,51
63347216,3600
229733376,2116
972778240,1764
21506979,223
24689408,167
37847040,784
173014016,167
265219072,172
394744576,1521
1528106752,1296
24760974,184
34449920,184
47930112,243
50494208,47
825106432,2500
14851890,1521
49991680,1764
304700928,223
349790976,223
401553664,243
423035904,1089
12042322,676
68405760,244
71769856,172
106820096,484
903995392,230
1006185984,245
1051361536,47
67108200,1764
360343296,1089
9595897,784
28198656,145
49785088,226
56393728,484
507073280,230
564394496,245
589734656,784
18805300,484
208873728,145
368770048,223
423341312,243
445989120,51
26234688,2116
133303296,1296
895267328,676
31784616,248
32809728,138
60864256,576
486913536,210
593570560,197
771340288,900
17140880,784
128729344,169
194998272,138
361735680,289
16271840,197
21145088,254
21311488,47
348249088,1521
1992867840,900
62000316,576
523556096,248
540444928,197
702304000,484
23216656,248
23965440,172
35669248,676
310680320,400
10873800,138
20171520,214
24130304,289
299246080,132
580355840,254
584925440,51
34407378,1296
237870080,676
9148828,324
101201408,214
121063168,256
121063168,324
1434819840,214
1716419840,234
1877792512,676
72222774,289
1087586560,203
1371537664,203
1729623808,289
65833427,243
69355264,130
136576512,171
204465408,67
9155166,144
162757120,121
2066073600,121
85374940,169
1034602496,172
1539873280,182
8460842,195
11107328,25
454956032,146
797731072,135
1512734464,64
165455332,49
23636473,195
31030272,195
40737024,25
1668587520,195
8556859,139
15759360,144
224133120,144
1992294400,196
40659068,484
236560896,169
358340608,254
361161984,195
474140672,25
75862504,146
133019136,135
252243456,49
30886950,36
1317841920,201
1678445312,201
2137721344,25
342035412,201
435627008,219
509225984,63
24248864,1296
172431360,676
1501881600,400
63829968,256
957446400,179
1369308672,181
1936701696,144
147942487,172
220193280,152
370851840,289
21814808,121
507688192,152
855053568,152
1440090112,121
119015710,152
200447488,244
210305536,676
2070694912,324
108647561,169
1645783040,179
9194318,244
9646336,144
171489280,172
255239680,149
438532352,324
21655904,196
282851840,169
428461824,244
449533696,121
37151540,152
62571008,244
65648128,43
1172512768,256
64121792,144
1253936640,100
112854294,49
13818888,231
15314432,140
28003328,36
1194808320,140
8534345,140
15605504,64
436954112,49
62422010,175
91314432,175
133579776,25
26715955,139
49203456,139
90619136,100
2087864064,64
228360132,49
32622870,140
59653120,140
109079808,25
17452768,140
31913472,175
46684672,49
1707324416,25
273171904,207
337835776,175
494205440,25
98841085,167
151516672,167
