1229099264,22
27934074,134
53366528,134
101953792,151
172848640,151
293041152,130
577065472,130
1136375040,151
1926569472,151
12758738,243
13441280,243
14160128,134
27052032,134
51681280,130
101772288,130
200412928,43
1193155840,230
1328034304,231
1471760896,43
34226997,168
52155392,245
54497024,17
820660992,232
905556736,154
1505340928,17
88549466,151
150123520,151
254513920,214
304465152,214
364219904,214
435702272,214
521213696,214
623507968,214
745878528,11
67807138,146
118894592,232
131193856,11
11926714,214
14267392,223
16378624,11
381175040,232
420606720,232
464117760,11
42192523,185
58385152,223
67024896,9
1906485760,232
2103708416,232
9067708,9
257925888,185
356913408,190
480893696,11
43717608,9
1243523072,139
8946209,139
16476416,239
17648128,11
410720000,9
45635555,201
58122752,135
110217728,239
118057472,11
10732497,7
392502528,250
401922560,145
709601024,7
101371574,250
103804416,145
183268352,11
16660759,7
609307648,250
623930880,145
1101560576,7
157365796,250
161142528,145
284499712,11
25863610,9
735675904,223
844542720,223
969519872,7
138502838,223
158998528,171
238032640,11
21639330,9
615518720,217
726141696,190
978380288,7
139768612,140
255576832,140
467340288,17
27490605,13
541353216,9
60150357,250
61593856,250
63072000,7
9010285,15
153775360,139
283212032,139
521598976,11
47418088,11
1103548160,201
1405513984,201
1790107136,229
2001167616,17
117715742,11
10701431,9
304396032,250
311701504,250
319182336,7
45597476,160
72955904,11
1697882624,11
154352965,195
202637568,250
207500800,175
303543808,13
23349523,11
543406848,7
77629549,146
136117504,244
142811648,7
20401664,11
474802176,183
664204032,208
817481728,9
90831303,241
96484608,241
102489856,13
2018261760,11
183478341,9
20386482,146
35746048,250
36603904,7
1338657024,144
9296229,9
264425984,7
37775140,250
38681600,250
39609856,137
55511616,11
1291906560,9
143545173,9
15949463,222
18392064,154
30573568,9
869648128,7
124235446,154
206521088,154
343307776,222
1073709056,6
1129799680,21
26899992,43
480446208,214
574739200,134
1098009088,43
76605285,170
115358464,163
181176320,39
13936638,130
27444224,154
45621504,103
340167936,243
358366208,214
428699648,131
837764096,47
17824768,223
20462336,223
23490304,43
139849216,168
213103360,168
324728832,219
1138775040,91
12514011,167
19183104,223
22021632,65
86731264,145
153125376,245
160000256,199
617488128,71
8697015,244
9124608,171
13660160,71
49253376,184
68526336,168
104420864,43
621668352,232
685978624,228
770221568,47
49163076,17
740337920,232
816924416,163
1283022336,15
85534822,151
145012480,163
227749632,31
22040286,11
512937472,161
815602432,148
1410771712,214
1687652096,27
187516904,39
1230880000,214
1472454400,170
8661496,27
246372352,33
1911251968,170
11242658,256
11242496,35
246693888,47
1343694336,31
43344978,234
47419904,256
47419904,31
391596544,234
428413184,256
428413184,31
41459344,35
303245312,31
9782106,234
10701568,130
21073664,21
256897792,232
283473408,232
312798208,31
30270816,289
402213120,144
27931460,256
27931392,232
30820608,121
586863360,130
1155669248,134
8624397,31
213665024,289
11089875,169
218383360,100
13102998,254
13206016,159
21262336,100
435451904,148
753213952,230
838359808,121
62357337,100
1277077504,205
1594789376,139
11473304,160
18357248,31
454788096,256
26647740,121
563786240,81
55682584,139
102552064,230
114144768,64
12484584,230
13895680,159
22372864,121
331339008,100
29820510,205
37239040,182
52380160,142
94431744,31
9138564,256
127938048,144
8884580,121
206767616,188
281555712,188
383394816,64
41933808,134
80112128,163
125820160,121
9358524,64
262036992,228
294216960,161
467823104,36
77970516,154
129613312,154
215460864,39
16573911,49
346360832,64
27059440,64
432950272,81
26725325,142
48180736,167
73857792,250
75630336,16
18907584,135
35854336,135
67990272,16
16997568,217
20052224,217
23655936,49
617950720,49
63056195,36
1345198080,160
8407488,219
9827840,239
10526720,16
673710080,132
1306589184,132
9898402,35
217203200,144
18100260,81
514851840,49
63043080,25
12608615,208
15518208,208
19099136,152
32166912,49
840277760,36
140046288,146
245560576,146
430571776,251
439148800,81
43372720,49
1359601152,36
226600188,146
397326336,146
696681728,144
1238545152,36
172020160,251
175446784,251
1073709056,6
112520960,21
685841920,47
43777143,59
189948160,141
344870400,184
479819520,176
697919232,43
48692037,243
51296768,148
88729344,43
1584747264,234
1733740544,163
10636445,47
173803776,133
334539520,188
455543040,87
1340448256,243
1412159232,234
1544926208,219
21163371,83
65274880,171
97721344,184
135960064,71
490222080,229
548020992,223
629118208,103
1563633408,243
1647284480,214
1970583296,27
218953698,163
343878144,163
540078336,47
34473084,100
529505280,130
1042717952,154
1733349120,64
135417900,232
149426432,134
285471232,31
27626247,121
642937856,232
709448448,232
782839552,190
1054773248,31
102074844,484
1025807872,243
1080686336,137
2019384576,27
224376072,324
12465324,170
18771200,170
28267008,35
620265472,676
22938800,324
271864320,214
325220864,234
355796992,289
19698096,203
24840704,234
27175936,31
673262592,484
30602836,196
479649792,234
524744960,133
1010035200,196
56685640,203
71485184,130
140770816,31
13622984,324
193747968,169
13757244,133
26479872,130
52144896,169
947862528,133
1824456960,130
14034284,35
307951872,324
12356084,256
172981760,144
9610096,172
14303232,139
26342400,121
390127360,254
393199104,139
724165120,121
53863515,64
1077269760,207
1332275456,170
2006249984,166
12085843,31
299423488,289
14504938,169
263663616,121
19611342,207
24253440,182
34114560,81
970368768,182
1364914176,182
1919879168,121
158667690,64
9916728,207
12263936,148
21213184,160
33940992,35
744767488,289
41232800,169
749509632,100
67455864,150
115124480,134
219939072,81
21722376,228
24389888,151
41349632,121
962317312,64
120289664,134
229807104,134
439034368,64
34299560,232
37847552,134
72305664,43
1291412736,64
121069944,49
12354075,36
263553024,160
421684736,219
492928256,239
527990016,25
105598000,229
118048256,229
131966464,64
12371856,49
258545664,49
15829326,81
200113152,254
201688832,148
348867072,135
661555200,229
739555072,25
147911010,229
165350144,229
184845568,39
14218887,169
258462720,121
21360550,64
683536384,36
113922726,183
159367168,146
279438080,36
38810840,211
47087872,208
57954304,49
1816688640,36
252317865,211
306129664,208
376774912,144
669821952,81
66155248,49
9450749,25
483877120,146
848441856,208
1044236032,25
167077764,183
233726208,131
456747264,36
76124544,144
135332352,144
1073709056,6
488762240,21
11637196,43
207845376,784
1764558848,141
12514601,184
17411584,176
25325824,43
452330496,676
11375159,171
17029376,245
17793792,172
26483712,43
473011200,243
498316288,148
861952256,79
10910788,243
11494400,133
22124544,143
118822656,900
540774400,223
620799232,245
648671744,400
19460148,230
21659904,186
29811456,259
88398336,3025
269309952,244
282554624,167
433137408,1521
10821298,223
12422656,223
14260736,103
106331904,243
112020224,243
118012928,27
13112547,161
20849664,154
34659072,51
173974784,121
8626848,234
9437696,163
14822144,64
355731456,188
484400128,163
760775424,31
73623426,81
1861490688,188
9901546,151
16786688,223
19270656,27
548143104,484
23783067,214
28450560,214
34034176,27
968083456,324
35854932,243
37773056,133
72705792,35
1595375616,576
58164729,324
735313920,214
879627776,203
1109284096,256
60663974,203
76502272,133
147252480,31
14250240,400
173280000,196
10608972,234
11606272,130
22855424,169
346211840,234
378761472,232
417943552,31
40446152,289
609071104,144
50755920,130
99950080,130
196824576,144
10934696,234
11962624,228
13431552,31
332762112,324
17459731,169
264478720,144
20203227,142
36422656,148
63001344,64
1764037632,182
9692514,139
17850880,144
317347840,121
26227090,148
45365760,139
83551232,64
2005229568,139
14426112,170
21723904,31
538192896,256
29432424,144
575565056,100
46045200,148
79645696,230
88648960,64
2127575040,205
10378414,159
16709888,121
318177792,64
39772224,182
55943168,230
62267136,166
96026368,35
2107097088,289
109364895,169
1822315264,121
120483648,130
237260032,151
402242048,64
50280256,151
85243136,151
144518144,121
13138004,64
315311616,228
354033920,154
588523776,64
73565472,161
116973568,161
185995008,43
12976395,64
311433216,49
25423116,49
531291136,64
33205696,148
57436672,148
99349760,139
182974976,229
204548352,25
32727736,239
35055616,217
41355776,64
827115520,64
51694720,64
827115520,100
33084620,172
49242112,148
85175296,201
108481792,229
121272064,16
22738512,175
33263104,145
58726400,39
1156458240,169
82115376,100
1891936512,64
236492064,36
32846120,183
45948416,208
56551680,36
9425280,146
16526336,146
28977664,49
908359680,25
109003161,229
121854976,141
221240064,144
393315584,81
38845976,49
1420652800,25
284130560,208
349699072,208
430398720,25
86079740,208
105944064,208
130392576,36
18110080,251
18470656,251
1073709056,6
186371200,21
1135976960,43
79254240,7056
224280576,145
395971072,167
606997504,43
42348663,243
44614144,148
77170176,43
1378295040,130
10602269,151
17974528,103
134022912,400
1372393472,145
9464782,172
14086912,243
14840320,183
62280192,1089
409937920,244
430098688,141
780888320,900
15617754,223
17928704,223
20581632,219
24058880,1521
141720320,223
162692352,244
170693376,1089
1243912448,244
1305088256,244
1369272832,71
57856596,170
87124992,170
131199744,27
1243967744,163
1953715968,134
14579969,47
238242816,19
12539095,134
23955200,134
45765120,15
781058048,228
876977408,163
1377338624,31
133290834,15
8886055,151
15065088,163
23660288,217
27912448,27
793956352,484
19684860,484
229059072,145
404407552,145
713988352,133
1374293248,27
152699272,324
1930420224,137
14090658,234
15415296,35
338255872,576
11157731,400
135676416,214
162304256,137
303283712,196
21663110,256
21662976,256
21662976,31
536687616,400
21467504,289
304259072,203
383696128,234
419770112,144
26235630,256
26235392,228
29457152,31
729782272,289
42928366,144
534218496,203
673694208,151
1142157056,144
79316460,133
152669184,150
260555264,31
25215040,324
298844160,196
21346010,121
451617280,207
558521600,205
697470720,121
51877980,142
93526272,182
131553280,121
11959387,64
287024640,205
358430720,159
577095936,64
72136992,230
80291584,230
89367808,31
8648496,256
129726720,121
10721210,81
237189120,205
296197120,139
545513984,64
59665592,230
66410240,159
106924544,121
8836730,64
212080128,139
390593536,159
628880128,160
1006208000,35
86246400,289
1222369280,144
101864100,81
8803067,150
15023872,161
23888640,81
452998656,232
499860480,154
830936832,121
75539706,64
2115110144,134
15784404,161
25097984,64
803135488,151
1361607168,151
9017266,43
161051904,64
15098616,49
394412800,36
43823644,157
71457536,139
131604992,239
140965888,25
28193175,229
31517184,229
35233024,64
704660480,64
44041280,64
704660480,100
28186416,172
41951744,148
72564992,250
74306304,229
83067136,16
20766784,131
40582400,131
79305984,39
1561717248,169
101650230,121
8400840,64
235223296,49
28802850,227
32482304,146
56955136,25
11391025,146
19973120,146
35021312,49
1097809920,36
182968320,146
320820992,146
562535424,251
573741056,64
62752928,49
1967112192,25
393422435,146
689836544,146
1209576192,144
8399834,25
430071040,146
754097152,251
1073709056,6
715760000,21
17041905,43
304376064,243
320659456,211
389046528,43
27142779,203
34229248,154
56900352,43
1016266752,234
1111813120,163
1746160384,79
22103296,170
33284864,203
41974784,111
96806656,55
450590976,141
818094080,168
1246619392,203
1572091392,167
9413720,65
37075456,244
38898688,141
70624512,43
420462080,171
629463552,186
866358272,95
9119560,243
9607424,137
17952512,31
148252928,228
166459392,154
276711680,47
1507195392,121
87193120,133
167830272,161
266860544,49
38122931,163
59874048,163
94035200,31
9100179,81
230086656,188
313309440,151
531173376,223
609777408,27
67753056,484
788395520,214
943127296,214
1128226816,27
125358544,324
1188584448,243
1252171264,133
9414821,35
206595328,576
1652760576,400
61978515,243
65294080,234
71432704,169
1082055680,234
1183787264,232
1306247936,31
126411096,400
1132640768,324
59428668,170
89492480,203
112857344,121
8394345,130
16530176,228
18560000,31
459813888,289
22274714,196
290933760,203
366891776,232
404846080,121
23420845,133
45080576,161
71680768,31
1775839232,324
82214775,196
1503355392,121
99395392,142
179191552,230
199447808,121
13186624,142
23772928,230
26460160,121
447854592,121
29610216,207
36619264,230
40758784,166
62856704,31
1557223680,256
85160670,144
1665362688,100
99921756,142
180140544,170
271270400,64
29670200,182
41733888,139
76862208,121
1463556096,64
160076448,182
225162240,139
414687232,166
639517440,35
54815808,289
728348160,169
43097520,121
911813120,130
1795570432,188
9550906,64
305627136,161
485966080,161
772716032,121
63860820,64
1277216000,232
1409341696,134
10517475,49
274741760,134
524879616,134
1002755072,43
69959655,64
1679030784,49
171329670,49
13986092,160
22377728,139
41213440,16
1978245120,250
2025722880,145
13970502,25
715289600,175
1046366464,175
1530684416,49
156192285,49
12750388,49
199842816,64
12490176,142
22517248,167
34517248,219
40348928,132
78252288,16
19563072,131
38230016,131
74708992,39
1471192320,169
104463360,100
10446330,49
382036480,25
76407295,208
94039552,208
115740928,25
23148185,208
28489984,208
35064576,49
1099166208,36
152661970,211
185220096,208
227963136,251
232504064,81
20092940,64
642973696,36
107162280,146
187900928,146
329469952,36
36607772,227
41284352,141
74955776,25
14991155,146
26285824,146
1073709056,6
524561280,21
12489554,43
223076864,167
341961984,145
603739648,171
903844096,43
63058890,243
66432256,148
114909696,43
2052340224,234
8770684,163
13774592,79
44636416,137
83408128,234
91249664,131
178319872,47
971273984,184
1351337472,245
1412009728,43
32837435,145
57975040,172
86288384,167
396822528,65
1562870016,171
9139590,230
10172672,55
47348992,171
70884864,168
108014848,71
1168385280,137
8528359,203
10754816,27
305914368,163
480454400,163
754578688,47
48164595,81
761118720,133
1465010432,154
9513054,64
228312576,188
310893568,154
516809984,31
50013867,64
1600442368,151
10598956,161
16852992,217
19881728,27
565526528,484
24537303,214
29352960,214
35113728,27
998793216,324
55488510,170
83559168,203
105374976,35
9032160,576
96337920,289
1024048128,214
1225029376,133
9210747,289
97907712,214
117123072,133
225439744,31
21816772,400
237362432,256
11126364,137
20790784,130
40941824,144
800639488,133
1541080320,232
1700502272,31
164564736,289
9680276,144
137674752,234
150618368,228
169115136,144
12918510,130
25439488,232
28070912,31
695436288,324
30049712,256
330544896,196
21923889,214
26226688,254
26433024,64
740124672,139
1363107072,139
9806525,121
145232640,121
8401883,254
8467968,139
15595520,157
25429504,31
629995008,256
29531016,169
447331840,121
25878699,214
30957568,230
34457088,64
1102626816,230
1227271424,230
1366006272,81
84321370,100
1942762752,205
9476891,182
13329920,146
23372800,35
512865792,256
26043966,169
473413632,121
39125090,232
43172352,228
48474112,81
1225615360,188
1668922880,151
11052469,100
282941440,49
28871575,134
55157504,134
105375488,49
10752600,134
20542208,134
39244800,43
233643264,64
18253380,64
292054016,100
8761620,256
43808000,248
45221120,159
72808704,139
134093568,239
143631360,25
22981016,239
24615424,131
48103424,64
1346895872,36
187068870,25
22448262,142
40470016,219
47307264,239
50672128,25
2075530240,16
518882560,139
955639808,135
1812176128,132
13728607,39
270353152,144
20651972,100
422950912,64
52868864,36
8811474,183
12326400,183
17243392,36
735717888,183
1029200896,183
1439756288,36
239959380,144
426594304,144
758389760,81
74902688,49
1956641280,36
271755730,227
306473216,146
537377536,146
942251008,36
130868195,251
133475072,251
1073709056,6
897252480,21
21363154,43
381555456,400
11446656,184
15925760,186
21919232,211
26593792,43
474977280,137
887548672,134
1695615232,47
108230757,133
208323840,150
355539200,103
10355508,243
10909440,243
11492864,183
16077312,65
63319808,171
94794496,141
172109056,55
801089280,171
1199291392,168
1827491584,131
41850951,65
164828160,167
252670464,145
446093824,214
533644800,71
22548369,243
23754496,256
23754496,27
675683328,163
1061195776,163
1666663168,47
106382754,81
2017331712,130
15517936,163
24371712,64
389947392,130
767896320,211
931665664,31
90161193,64
8452608,228
9490432,154
15776256,217
18611456,27
529393664,484
19688184,243
20741376,203
26156544,27
744013824,324
39037746,170
58786048,203
74134016,35
1626718208,576
45186608,484
382402560,400
18164114,223
20851968,168
31774208,203
40069888,169
485578752,203
612355328,228
687556608,31
66537748,400
809097216,196
53664611,234
58709760,133
113005056,169
1369432064,170
2062203392,228
9044751,31
224077568,289
10854956,196
155955712,234
170618112,232
188268032,121
15559340,232
17168896,188
23378688,31
579189760,324
26814330,196
490316288,121
44574200,148
77101312,148
133364224,121
8817464,142
15896064,230
17692928,121
374328320,81
41592033,182
58502912,182
82289664,64
10286208,139
18944256,139
34889984,31
864370944,256
54023184,121
1142968320,81
70553600,142
127195136,167
194981632,64
21326116,230
23736832,159
38217728,121
565999616,121
23388410,172
34810624,170
52420608,157
85475584,35
1875578112,289
103838224,144
8653176,81
136741120,130
269274624,134
514435072,81
44457350,150
75873792,161
120643840,121
9970560,81
252094464,228
283053312,151
479878400,64
52486700,151
88984064,163
139753984,43
9750276,64
234006528,49
23878215,36
509401344,160
815042048,219
952743168,239
1020511488,25
163281836,239
174895872,217
206328576,64
16119420,64
257909760,64
12089520,121
102310912,142
184447744,167
282746112,139
520740864,175
761769472,16
142831776,175
208942336,145
368891136,39
28376241,169
558791168,100
50291199,64
1408151808,36
234691968,183
328312064,146
575670272,251
587137792,36
97856298,251
99805440,251
101793536,100
10179350,49
372271872,25
74454370,208
91635968,208
112782592,25
18045212,146
31640832,141
57447168,49
1800792576,36
250110080,183
349880576,208
430622208,144
1073709056,6
343700480,21
2094936320,43
146158347,400
1590199040,223
1825519872,245
1907481856,211
9040198,43
161462016,133
310784000,151
526892032,47
33631404,234
36793088,228
41311488,103
308030976,484
11455686,184
15938304,245
16653824,214
19922176,219
23287808,1521
82306560,229
92010752,145
162446336,1089
687375360,145
1213572864,168
1849253888,103
53861763,51
270364928,244
283661312,172
422193408,170
635773440,55
34678551,214
41484544,188
56489472,27
535603712,151
908043264,211
1101701632,47
23440460,100
360044544,133
693017856,163
1088420608,64
119046004,151
201826304,154
335503360,31
32468067,49
1017773568,161
1618322944,154
10508590,146
18425856,31
456488960,484
16033703,243
16891392,203
21301248,27
605902848,324
31791190,137
59405312,203
74915072,35
1643855872,676
53498258,400
547819520,243
577126656,234
631386368,256
39461648,256
39461632,256
39461632,31
977636352,400
41549530,289
404856320,214
484313856,232
534415104,169
34784409,256
34784256,232
38382592,31
950898688,324
44023080,196
517494528,170
779285760,150
1329980928,121
87932616,133
169253632,134
323350016,31
31291956,324
395591680,196
28256536,121
597824000,148
1034073856,139
1904481280,121
157395140,148
272250880,139
501411584,144
34820240,100
891397120,205
1113159168,205
1390091264,64
173761408,139
320020992,139
589391104,31
57037856,256
627416064,196
19206612,289
136105984,248
140496384,205
175449088,165
272211712,81
26885104,160
43015936,165
66739712,35
1464467456,289
60808332,256
851314688,144
35471442,203
44732416,161
71127296,100
1638770688,150
10925137,134
20871680,100
534312960,49
65426076,161
104031488,134
198746624,49
16224212,228
18216448,148
31509504,43
187591424,64
14655580,64
234488832,81
8684769,169
78933504,142
142302464,139
262082048,139
482683392,175
706096640,16
176524160,132
342349824,132
663951104,49
81300132,36
9033348,36
192711168,166
297192960,145
524699136,132
1017598208,25
203519640,229
227515392,229
254340096,39
19564656,169
355636224,121
32330562,49
1182374144,25
236474825,146
414640640,146
727041024,25
145408200,146
254962176,146
447056896,49
54741660,36
1557095424,229
1740683008,131
13287656,251
13552128,81
342650880,49
41957250,36
1491813120,211
1809972224,208
8701789,251
8875008,36
378667008,144
673185792,251
1073709056,6
1408701952,21
33540523,43
599051008,5929
1551928320,184
8434393,244
8849152,43
158049792,256
158049792,163
248225280,47
15844164,256
15844096,188
21574912,71
233373696,214
279175936,234
305423104,167
1404579840,1089
33534488,167
51406080,230
57217024,784
354974720,244
372432384,223
427545600,167
655399168,784
18391296,171
27533056,145
48610048,676
349760512,171
523618048,168
797894144,119
20114976,576
196675072,145
347233024,223
398617088,243
419942144,31
13546520,150
23119360,134
44168192,47
240575488,100
14434524,130
28424704,154
47251456,49
1234323200,134
9211367,134
17597696,31
435968256,64
54496032,161
86651904,161
137781760,217
162544128,27
18060480,484
152842240,243
161018880,234
176157184,27
19573024,324
139184640,400
1603404288,223
1840679168,245
1923321856,232
2122286080,35
181910240,576
1616977920,400
72763992,214
87044608,203
109770496,196
1433735680,203
1808060672,232
1995101184,31
193074328,400
1482808320,400
44484240,243
46863872,133
90203904,100
1847375872,232
2038483712,151
13499892,31
334451712,289
17359080,169
315543552,133
607361792,130
1196035328,121
79076712,133
152207616,134
290784512,31
28140452,324
311281152,256
17023188,144
332896256,142
600150784,148
1038098432,100
83047872,207
102706432,230
114316544,121
1934876672,100
154790128,148
267745024,139
493113088,165
765072384,31
74039272,256
1036546560,144
79180640,100
1824321024,205
8899126,230
9904896,64
158478336,142
285707264,148
494196224,100
39535696,64
632570880,142
1140409344,167
1748172288,165
10594983,35
232483584,256
14530224,121
276673536,100
22133880,232
24423424,151
41406464,49
1514291968,163
9290134,163
14590464,121
308689920,81
34298874,134
65526016,134
125184000,64
11736000,228
13177088,154
21904640,43
130408960,64
10188200,64
163010560,100
2086534400,121
86220425,172
128327936,170
193246720,146
338843392,239
362945024,25
72589000,229
81147392,229
90714880,49
11107944,36
315959296,36
26329941,160
42127872,219
49245184,229
55051264,25
11010250,175
16106240,175
23560960,35
516997120,144
39492827,100
909914112,64
113739264,25
22747850,146
39886592,146
69937920,25
11190064,183
15653632,131
30590208,36
1087651840,25
174024292,183
243443712,131
475737088,152
801241344,64
100155168,36
16692528,144
29675520,144
52756480,36
1875784960,25
300125592,146
526247424,131
1028391680,191
1073709056,6
34265795,21
208858112,43
14571495,214
17431296,134
33301504,43
594779904,133
1144839424,161
1820365568,47
116193546,256
116193536,188
158220800,71
570486016,214
682450432,256
682450432,131
15628635,51
78449408,184
109146880,168
166318848,43
990177280,184
1377637888,172
2050437632,167
12278069,55
57148672,141
103759104,223
119113472,51
597902848,184
831864832,145
1468671488,95
46379097,243
48860160,214
58449408,31
482678784,134
922132480,154
1532895488,47
32614797,21
397589760,188
541398784,228
607886336,13
46760487,151
79276032,134
151452672,31
14656710,15
250141184,134
477881600,154
794400512,217
937172736,27
104130312,39
683522048,137
1277238272,170
1923370496,27
213707840,289
11092095,170
16703232,234
18273536,35
400973824,576
9745890,576
51975168,676
275559424,244
289111296,142
521214720,256
521214720,121
38768031,133
74620928,188
101611264,31
9833368,400
100691968,256
1308995584,170
1971193344,133
14821002,121
313566720,130
617485056,150
1053841152,31
101984652,289
1445429248,144
90339327,256
90339072,188
123014656,121
11183150,232
12339968,232
13616384,31
337336320,289
18676048,169
339483648,100
23763852,142
42841856,139
78902784,81
1994973184,139
14352325,230
15974656,144
312392960,81
34710327,182
48823296,182
68674304,64
1648183296,139
11857433,170
17855744,31
442366976,256
24191944,144
473085184,81
46724456,205
58348544,230
64944384,64
2078220288,230
9035740,230
10056960,100
231710976,64
25343388,230
28208128,159
45416704,166
70040064,31
1735185408,256
94892952,144
1855682048,100
167011380,188
227419648,134
434473216,64
47520508,228
53356288,161
84839680,121
1435963392,81
159551487,134
304814592,134
582332160,36
80879465,163
127025408,211
154116096,43
10752285,64
215045120,64
16800400,64
268806144,81
9955782,172
14817792,228
16637440,250
17036544,16
817754112,250
837380096,145
1478408960,16
369602240,132
716804096,132
1390165504,64
130328016,49
13298775,49
277916672,160
444666624,139
818954240,16
153553920,250
157239040,145
277608192,25
55521635,229
62067712,229
69385728,35
1522524160,144
126877008,81
14097438,49
515561984,251
525831936,251
536306432,49
65670174,25
10507224,183
14698496,131
28723712,152
48376576,81
1376043264,49
196577605,251
200493312,251
204487168,49
25039242,25
1025606656,183
1434728192,131
10952123,152
1073709056,6
42816640,21
260977536,43
18207735,214
21780992,134
41611264,43
743195904,137
1388745472,134
10363772,43
185101056,188
252052480,188
343220224,71
14502261,137
27098880,203
34173952,167
157158912,4225
85701888,171
128302080,142
231304960,214
276701184,259
273496064,2116
1158088960,229
1294632192,244
1358302464,1521
33935216,223
38956800,223
44721664,95
361539072,243
380880640,243
401256960,43
9331557,232
10296832,228
11561216,51
58032640,100
742817280,256
742817280,154
1234812928,81
76223020,130
150100480,134
286758912,31
27750861,49
869904384,161
1383201792,154
8981829,185
12428800,27
353536000,484
10956690,243
11542784,234
12627968,27
359198720,324
16629570,137
31074048,256
31074048,35
681861120,576
23675720,324
261893632,243
275904256,234
301843968,196
13860180,170
20871680,150
35620864,31
882479104,400
39711546,196
414943232,214
496380672,188
675922432,144
51632955,133
99383552,232
109664512,31
10612720,289
141012480,169
9178323,256
9178112,232
10127360,121
214264320,232
236429568,188
321946624,31
31156152,289
441573376,169
31354320,121
663362560,205
828393984,182
1165213440,81
100697457,205
125748992,139
231595264,144
12866400,121
244991232,142
441674240,139
813443072,166
1254466304,31
121399962,256
1699597312,144
129830349,81
11219901,148
19407360,139
35742976,64
857831424,139
1579890944,159
9936421,100
228934656,64
21462624,182
30189056,170
45460992,160
72737536,31
1802013696,256
112625856,121
10238712,64
245727744,188
334607872,154
556231168,64
69528896,151
117876736,151
199843840,121
18167611,64
436021248,188
593730816,154
986980864,64
107951032,134
206234624,161
327925760,43
22878540,64
640598784,36
71177640,36
1518455808,160
9490348,219
11093504,175
16228096,25
830877440,239
889977344,239
953281024,64
74475080,64
1191601152,81
44133375,169
467970048,132
907578112,230
1010173696,139
1860463616,175
10631220,16
680397824,132
1319559168,132
9996660,35
219362304,144
18280188,81
462194688,49
56595264,36
9432540,146
16539136,146
28999936,144
51555328,36
8592552,152
14471424,152
24372736,81
693266688,49
99038093,251
101010944,251
103023104,49
12615072,25
516712448,183
722832640,131
1412558336,152
