1229103360,21
29264365,148
50619392,148
87557632,148
151450880,148
261968896,154
435480576,154
723915520,148
1252178176,148
8460663,150
14439424,150
24643072,148
42625792,148
73731072,154
122565888,154
203745792,130
401222400,130
790099456,185
1093326592,185
1512927488,172
8796090,172
13091840,172
19485440,172
29001472,140
53031168,140
96971264,184
134916352,184
187709696,138
348215040,138
645964032,138
1198309888,138
1667213568,9
185245952,7
26463707,135
50182912,135
95161600,132
138416832,9
15379648,229
17192960,229
14414976,9
410025984,7
58575140,223
67243008,171
100667648,184
105044352,15
1792756736,11
162977885,11
14816171,201
18870272,201
24033536,229
26866944,11
625266944,9
69474104,250
71141376,250
72848640,239
58522752,9
1664647168,7
237806738,244
249501952,244
261772288,7
37396041,244
39235072,244
1073709056,6
29204767,21
178009984,19
28106838,150
47968768,128
95937536,19
15148032,188
20626944,128
41253888,19
1667525376,211
2023158528,176
11495218,43
205309440,232
226548224,228
254369792,55
1183975680,256
1183975680,130
9107505,95
73626624,39
483292672,244
507060992,170
763574016,170
1149852416,87
39650082,214
47431680,214
56740608,19
8959041,211
10869504,211
13187584,23
440350464,217
519491584,217
612856320,15
122571264,223
140709376,171
210652416,15
42130488,214
50398976,15
10079804,146
17673984,19
714400512,11
64945501,232
71663872,232
79077376,15
15815476,9
449862400,232
496399872,140
907702528,15
181540516,16
45385128,190
61150464,190
61794048,25
12358805,229
13815808,229
11583552,16
741347328,132
1437764352,132
2091293696,16
522823424,184
727406336,184
759032640,25
60722610,36
863610368,100
17272206,400
55270400,141
100348928,139
184815104,145
326294016,48
1305176064,25
261035210,247
270546432,247
1073709056,6
408768640,21
9732587,23
324988672,243
342374656,19
54059168,137
101015552,19
15949824,163
25049856,172
37283328,23
1244938752,154
2069508352,211
9808096,43
58392320,232
64432896,161
102452224,103
763915008,400
22917444,184
31885056,186
43884800,243
46232320,43
825730560,150
1409246720,150
9394978,15
160340736,176
233222656,128
466445312,23
60840690,185
84190208,185
116500992,15
23300208,36
994142208,154
1652599808,154
10731167,15
549435648,146
963393792,15
192678768,25
38535750,134
73620480,134
140647936,19
22207584,36
947523072,185
1311166976,185
1814371584,19
286479723,25
57295940,232
63223040,232
69763328,15
13952672,25
714375680,223
820090368,223
706086720,25
112973872,25
22594770,139
41613312,139
76640256,132
111476736,25
17836276,16
1141521408,135
8455714,135
16034304,131
23500608,25
1203230720,16
300807680,172
447713536,172
666364160,16
166591040,172
247949312,172
276780480,36
15376692,49
160670720,169
973531136,324
18028350,169
27309056,182
38412544,146
67353344,144
89804352,25
17960870,16
1149495296,244
1206027776,244
1265340416,16
316335104,244
331892480,244
1073709056,6
99973760,21
609363840,23
79482240,214
95081472,19
15012864,170
22607360,19
913813248,228
1026035712,128
2052071424,31
66195852,228
74324992,154
123553024,63
1506170112,203
1899406592,130
14610819,111
101091072,576
718868480,141
1305179648,245
1363779328,243
1436738560,43
100237572,232
110606848,228
124189952,15
24837990,172
36967936,172
55021824,27
521688320,214
624075520,217
736236544,15
147247308,214
176146176,32
1409169408,15
281833884,214
337146880,15
67429384,146
118232320,19
18668272,36
663760640,146
1163854080,232
1284252672,15
256850544,25
51370105,223
58971904,223
67698688,15
13539748,25
693233920,190
934041344,190
943873344,25
188774665,175
276150272,175
302976192,25
48476188,239
51924224,217
45942144,25
9188425,212
11095296,212
10048512,25
205793280,49
8399724,144
44798208,400
172024320,195
225837056,182
317660672,250
325284352,144
433712448,25
86742485,16
16264215,186
22385152,16
1432649728,244
1503107840,244
1073709056,6
1399243520,21
33315322,23
1112443392,214
1330773248,19
210122096,170
316419072,19
49960905,163
78466048,172
116786432,43
2085859584,130
16045073,228
18015488,79
175137792,214
209510400,170
315497984,103
784150272,243
826100480,214
988232192,31
95635371,151
162136576,151
274880512,15
54976101,172
81824768,172
121785600,23
15885078,214
19002624,232
20968192,15
1073571072,223
1232440320,171
1845056768,15
369011360,214
441434112,15
88286832,214
105614080,19
16675905,36
592920320,214
709287680,232
782662144,15
156532432,25
25045188,185
34657024,190
46695680,15
9339140,25
478163200,190
644261888,190
651043584,25
104166972,16
26041740,139
47961600,139
88332032,132
128482944,25
25696585,132
49835776,132
72488256,25
14497650,212
17506560,212
15854976,25
324709888,49
13253464,144
70684416,400
226190080,141
410671104,230
457094656,250
468064768,144
624086208,25
99853792,16
24963448,247
25872896,247
26815488,144
1073709056,6
10157137,21
61910144,23
2067260160,130
15902001,128
31803904,19
1285546752,161
2044099072,172
11884296,19
480375552,163
754454784,172
1122909440,31
108668655,151
184232704,151
312341504,47
1701264128,234
1861211904,161
11560322,71
41682176,214
49862656,133
95976192,43
571393024,150
975177216,134
1863024896,19
98053941,148
169606656,172
252437760,23
10975554,36
312193024,161
496406272,176
722045440,190
972861184,15
194572236,214
232759296,32
1862074368,15
372414876,214
445505536,15
89101108,146
156231936,19
24668199,36
877090560,146
1537912064,223
1765495296,15
353099064,25
56495848,185
78177792,190
105334272,15
21066864,25
862898176,232
952163328,172
1062879936,25
170060788,16
42515196,139
78301184,139
144209152,132
209758656,16
52439664,132
101701120,132
147928896,25
29585775,212
35726080,212
32355648,25
662643200,49
27046660,144
144248832,400
369276928,137
690035712,159
1111000832,250
1137664768,48
17776012,25
910131200,16
170649600,186
234872320,16
58718080,244
61605632,244
1073709056,6
1905635840,21
45372282,23
1515044352,214
1812389376,19
286166752,170
430933248,19
68042091,163
106863616,172
159052800,31
1313468160,134
9802001,163
15394304,63
62554624,256
62554624,133
120405760,71
1302416640,137
9506690,203
11988480,31
297004800,134
567411968,161
902220032,15
180444006,148
312119296,128
624238592,23
81422424,214
97402368,232
107478272,15
21495654,223
24676608,171
36942592,15
1891462144,214
8838608,15
452538368,146
793491712,19
125288176,36
20881362,217
24634112,217
29061376,15
1487942656,25
238070824,185
329438464,190
443874816,15
88774968,25
17754990,190
23922432,190
24174144,25
990172160,16
185657280,201
236459008,219
276408576,132
402048768,25
64327800,239
68903168,217
60964992,25
9754396,16
624280576,140
1141541376,140
2087389696,171
781245184,36
21701259,81
137172992,324
541917440,784
1415620608,247
1467201792,207
1814510336,165
10997032,145
14561472,25
745546240,16
139789920,186
192398848,16
48099712,244
50465024,244
1073709056,6
517561600,21
12322895,23
411477504,130
810294016,128
1620588032,19
255882318,188
348435456,128
696870912,23
90896205,151
154102016,148
266554624,43
18596832,150
31738368,150
54166784,79
175527680,137
327993088,203
413626624,55
22561452,214
26989312,188
36751360,31
910484736,188
1239808768,163
1947184128,15
129812275,176
188817664,128
377635328,23
49256781,185
68160512,185
94319360,15
18863871,214
22565888,32
180527104,15
36105424,214
43191296,15
8638268,146
15146496,19
612237312,36
68026368,36
9448105,154
15705856,211
19055360,190
25674496,15
1314534400,25
262906880,232
290104064,232
320114688,15
64022940,25
10243668,232
11303168,172
12617472,25
516810752,16
129202688,139
237955840,139
438249472,132
637453632,25
127490725,229
142522368,229
119494656,25
23898930,212
28858880,212
26136192,25
535268864,49
21847708,144
116520960,400
447439872,195
587408128,182
826244352,250
846074112,144
1128098688,25
225619735,16
56404932,244
59178752,244
62088960,16
15522240,244
16285440,72
1073709056,6
10079865,21
61439104,23
2051531520,130
15781011,128
31561984,19
1275768576,161
2028551168,172
11793902,23
393813504,151
667657216,148
1154866432,43
80572074,130
158664960,228
178149888,111
410867968,243
432848384,243
456004864,43
31814292,133
61236480,228
68756736,27
1955746560,130
15044204,176
21882368,15
373458944,176
543212800,128
1086425600,23
47235895,146
82824448,223
95080960,15
19016190,232
20983296,171
31413504,15
1608373248,214
1924035072,15
384807024,214
460329728,19
72683648,36
10094950,214
12076032,232
13325056,15
682243072,25
109158888,185
151052288,190
203523072,15
40704624,25
1667260416,217
1966906112,140
10536997,25
539493120,239
577867008,239
464227776,25
74276444,239
79559680,217
70393728,25
11262996,16
720831488,140
1318091776,140
9414941,171
902070272,25
36082832,49
377028608,144
1340546048,784
10259280,168
15633152,205
19522304,219
22820352,144
30427008,25
1557862400,16
389465600,244
408619520,244
428715520,16
107178880,244
112449792,244
1073709056,6
21281615,21
129716480,23
16919560,214
20240128,19
818126592,163
1284910336,172
1912424448,23
249446667,151
422902784,148
731507456,31
70791042,228
79484672,161
126385408,79
1228657920,137
8968305,170
13505024,71
146082048,203
184221696,203
232318976,51
13665822,256
13665792,232
15079424,19
203175168,134
388155392,128
776310784,23
33752642,146
59182592,223
67940352,15
13588068,223
15598848,171
23352576,15
1195653120,214
1430313984,15
286062804,146
501589504,19
79198341,36
10999765,146
19287040,223
22140928,15
1133618176,25
136034181,214
162732288,171
243622400,15
48724484,25
1995754496,232
8602390,172
9602496,25
393317376,16
98329344,135
186461440,135
353585920,131
518232768,16
129558192,132
251264256,132
365475264,25
73095050,184
101697280,184
35372928,36
251543808,64
2012350464,256
31442976,676
95258624,137
178001408,207
220136960,195
289000192,145
382675968,25
76535190,16
19133796,244
20074752,244
21061888,16
1347960832,244
1414253824,72
1073709056,6
77792000,21
474160640,19
74867469,232
82612224,128
165224448,19
26088069,163
40972544,172
60982272,23
2036277504,163
12492500,211
15156736,31
125165056,228
140536064,154
233618176,63
11124675,234
12170496,133
23425792,71
253393920,170
381581312,203
481205760,43
33572493,130
66111744,150
112830464,15
1925639680,211
9126254,172
13583104,23
151185664,146
265092608,223
304321536,15
60864306,146
106720768,32
853766144,15
170753240,146
299402752,15
59880556,146
104995840,19
16578288,36
471560192,25
56587221,161
89977088,176
130875648,140
239315456,15
47863100,25
1960472576,217
9034435,140
16519936,15
845820928,16
211455232,190
284908032,190
287906880,25
57581375,175
84233216,175
92415744,16
23103936,132
44807424,132
65174400,25
10427904,16
667385856,140
1220362496,140
8716874,171
9787200,36
139195392,64
1670344704,121
41413503,324
163608320,131
319723008,139
588842240,250
602974208,132
877053312,25
175410660,247
181801984,137
1073709056,6
54289280,21
330905984,19
52248312,150
89170432,128
178340864,19
28159083,188
38344192,128
76688384,19
12108690,148
20944640,148
36228352,31
897527808,134
1714679808,161
10650185,79
103535616,676
156834816,171
234793472,152
395441408,188
538473216,111
1241884160,400
46570650,184
64793856,172
96437248,243
101596416,43
1814558976,232
2002271744,232
8630481,19
348852480,211
423252224,211
513519104,27
19019226,214
22751744,217
26840576,15
1374236928,223
1577599232,171
9225726,15
472358400,146
828244736,15
165648956,146
290452736,19
45860958,36
1630611200,146
11168569,223
12821248,15
656450560,25
131290110,223
150718464,223
173021952,15
34604400,16
8651100,190
11656192,190
11778816,25
603074560,229
674179328,229
565250688,16
141312672,132
274060800,132
398633856,25
79726770,184
110924032,184
115746816,36
1646176768,64
51443024,256
102885888,1764
149312000,168
227522816,172
338638592,135
642159104,145
850307136,25
170061425,247
176257792,247
